0000000000000000000000000000000000000000
1001000111000000000000000000000000000000
1001001001101000000000000000000000000000
1001001001011000000000000000000000000000
1001001010101000000000000000000000000000
1001001010111000000000000000000000000000
1111111111101001000010000010000000000000
1001001001110000000000000000000000000000
1001001100000000000000000000000000000000
0000000000000000000000000000000000000000
0000000000000000000000000000000000000000
1001000111010000000011000000000000000000
1001000001100000000000001110001000000000
0000000000000000000000000000000000000000
0000000000000000000000000000000000000000
0000000000000000000000000000000000000000
0000000000000000000000000000000000000000
1111111111010000000001110010000000001000
1111111111011001000010100010000000000000
0000000000000000000000001110001000000000
0000000000000000000001101010000000000000
1111111111000000000000001100000000000000
0000000000001011111111110100000000000000
1001000110000000001001010000000000100111
0000000000000000000000000000000000000000
0000000000000000000010000100010001000000
1001001100000000000001110000000000000000
0000000000000000000000001110010000000000
0000000000000000000000001100000000000000
1001001000000000000000000000000000000000
1001000111010000001000010000000000000000
1111111111010000000000010010000000000000
1111111110110000000000010000001100000000
0000000000001001110111100000000000000000
1001001000010000000000000000000000000000
1111111111101000000000000010000000000000
1111111110110000000001110000001000000000
1000000000001001000010000010000000000000
0000000000010000000000001110001000000000
0000000000010000000010010010000000000000
0000000001100000000000001110001000000000
0000000010110000000011000010000000000000
0000000010100000000011100010001000000000
0000000010000000000011000011010000000000
0000000001110000000011100010001000000000
0000000001100000000010100010001000000000
0000000001010000000010110010001000000000
0000000001000000000011010010001000000000
0000000010010000000000001110001000000000
0000000011000000000000001111001000000000
0000000100010000000100010010000000000000
0000000100000000000100110010001000000000
0000000011100000000100010011010000000000
0000000011010000000100110010001000000000
0000000010010000000011110010001000000000
0000000010000000000100000010001000000000
0000000001110000000100100010001000000000
0000000011110000000000001110001000000000
0000000000100000000000001110001000000000
0000000100100000000000001111001000000000
0000000000011001000010000010000000000000
0000000101010000000000001110001000000000
0000000110100000000101100010000000000000
0000000110010000000110000010001000000000
0000000101110000000101100011010000000000
0000000101100000000110000010001000000000
0000000101010000000101000010001000000000
0000000101000000000101010010001000000000
0000000100110000000101110010001000000000
0000000110000000000000001110001000000000
0000000110110000000000001111001000000000
0000001000000000000110110010000000000000
0000000111110000000111010010001000000000
0000000111010000000110110011010000000000
0000000111000000000111010010001000000000
0000000110000000000110010010001000000000
0000000101110000000110100010001000000000
0000000101100000000111000010001000000000
0000000111100000000000001110001000000000
0000000000110000000000001110001000000000
0000001000010000000000001111001000000000
0000000000110000000111100010000000000000
0000001001100000000000001110001000000000
0000001010110000001000010010000000000000
0000001010100000001000110010001000000000
0000001010000000001000010011010000000000
0000001001110000001000110010001000000000
0000001001100000000111110010001000000000
0000001001010000001000000010001000000000
0000001001000000001000100010001000000000
0000001010010000000000001110001000000000
0000001011000000000000001111001000000000
0000001100010000001001100010000000000000
0000001100000000001010000010001000000000
0000001011100000001001100011010000000000
0000001011010000001010000010001000000000
0000001010010000001001000010001000000000
0000001010000000001001010010001000000000
0000001001110000001001110010001000000000
0000001011110000000000001110001000000000
0000001000100000000000001110001000000000
0000001100100000000000001111001000000000
0000000000111001000010000010000000000000
0000001101010000000000001110001000000000
0000001110100000001010110010000000000000
0000001110010000001011010010001000000000
0000001101110000001010110011010000000000
0000001101100000001011010010001000000000
0000001101010000001010010010001000000000
0000001101000000001010100010001000000000
0000001100110000001011000010001000000000
0000001110000000000000001110001000000000
0000001110110000000000001111001000000000
0000010000000000001100000010000000000000
0000001111110000001100100010001000000000
0000001111010000001100000011010000000000
0000001111000000001100100010001000000000
0000001110000000001011100010001000000000
0000001101110000001011110010001000000000
0000001101100000001100010010001000000000
0000001111100000000000001110001000000000
0000001000110000000000001110001000000000
0000010000010000000000001111001000000000
0000001000110000001100110010000000000000
0000010001100000000000001110001000000000
0000010010110000001101100010000000000000
0000010010100000001110000010001000000000
0000010010000000001101100011010000000000
0000010001110000001110000010001000000000
0000010001100000001101000010001000000000
0000010001010000001101010010001000000000
0000010001000000001101110010001000000000
0000010010010000000000001110001000000000
0000010011000000000000001111001000000000
0000010100010000001110110010000000000000
0000010100000000001111010010001000000000
0000010011100000001110110011010000000000
0000010011010000001111010010001000000000
0000010010010000001110010010001000000000
0000010010000000001110100010001000000000
0000010001110000001111000010001000000000
0000010011110000000000001110001000000000
0000010000100000000000001110001000000000
0000010100100000000000001111001000000000
0000001000111001000010000010000000000000
0000010101010000000000001110001000000000
0000010110100000010000000010000000000000
0000010110010000010000100010001000000000
0000010101110000010000000011010000000000
0000010101100000010000100010001000000000
0000010101010000001111100010001000000000
0000010101000000001111110010001000000000
0000010100110000010000010010001000000000
0000010110000000000000001110001000000000
0000010110110000000000001111001000000000
0000011000000000010001010010000000000000
0000010111110000010001110010001000000000
0000010111010000010001010011010000000000
0000010111000000010001110010001000000000
0000010110000000010000110010001000000000
0000010101110000010001000010001000000000
0000010101100000010001100010001000000000
0000010111100000000000001110001000000000
0000010000110000000000001110001000000000
0000011000010000000000001111001000000000
0000000000101001000010000010000000000000
0000011000100000000000001110001000000000
1001000111100000000000000000000000000000
1001001000000000000000000000000000000000
1001001010000000011011010000000000000000
1001001011010000011011100000000000000000
1001000110100010011101110000000000000000
0000000000000000000000000000000000000000
1111111110110000011011110000010000000000
0000000000100000011011110010000000000000
0000111100110000000000001110001000000000
0000010000110000011100000010000000000000
0000011101010000000000001110001000000000
0000011110100000011100110010000000000000
0000011110010000011101010010001000000000
0000011101110000011100110011010000000000
0000011101100000011101010010001000000000
0000011101010000011100010010001000000000
0000011101000000011100100010001000000000
0000011100110000011101000010001000000000
0000011110000000000000001110001000000000
0000011110110000000000001111001000000000
0000100000000000011110000010000000000000
0000011111110000011110100010001000000000
0000011111010000011110000011010000000000
0000011111000000011110100010001000000000
0000011110000000011101100010001000000000
0000011101110000011101110010001000000000
0000011101100000011110010010001000000000
0000011111100000000000001110001000000000
0000011100010000000000001110001000000000
0000100000010000000000001111001000000000
0000010000111001000010000010000000000000
0000100001000000000000001110001000000000
0000100010010000011111010010000000000000
0000100010000000011111110010001000000000
0000100001100000011111010011010000000000
0000100001010000011111110010001000000000
0000100001000000011110110010001000000000
0000100000110000011111000010001000000000
0000100000100000011111100010001000000000
0000100001110000000000001110001000000000
0000100010100000000000001111001000000000
0000100011110000100000100010000000000000
0000100011100000100001000010001000000000
0000100011000000100000100011010000000000
0000100010110000100001000010001000000000
0000100001110000100000000010001000000000
0000100001100000100000010010001000000000
0000100001010000100000110010001000000000
0000100011010000000000001110001000000000
0000011100100000000000001110001000000000
0000100100000000000000001111001000000000
0000001000101001000010000010000000000000
0000100100100000000000001110001000000000
1001000111100000000000000000000000000000
1001001000000000000000000000000000000000
1001001010000000101010100000000000000000
1001001011010000101010110000000000000000
1001000110100010011101110000000000000000
0000000000000000000000000000000000000000
1111111110110000101011000000010000000000
0000001000100000101011000010000000000000
0000100100010000000000001110001000000000
0000011100100000101011010010000000000000
0000101001010000000000001110001000000000
0000101010100000101100000010000000000000
0000101010010000101100100010001000000000
0000101001110000101100000011010000000000
0000101001100000101100100010001000000000
0000101001010000101011100010001000000000
0000101001000000101011110010001000000000
0000101000110000101100010010001000000000
0000101010000000000000001110001000000000
0000101010110000000000001111001000000000
0000101100000000101101010010000000000000
0000101011110000101101110010001000000000
0000101011010000101101010011010000000000
0000101011000000101101110010001000000000
0000101010000000101100110010001000000000
0000101001110000101101000010001000000000
0000101001100000101101100010001000000000
0000101011100000000000001110001000000000
0000101000010000000000001110001000000000
0000101100010000000000001111001000000000
0000011100101001000010000010000000000000
0000101101000000000000001110001000000000
0000101110010000101110100010000000000000
0000101110000000101111000010001000000000
0000101101100000101110100011010000000000
0000101101010000101111000010001000000000
0000101101000000101110000010001000000000
0000101100110000101110010010001000000000
0000101100100000101110110010001000000000
0000101101110000000000001110001000000000
0000101110100000000000001111001000000000
0000101111110000101111110010000000000000
0000101111100000110000010010001000000000
0000101111000000101111110011010000000000
0000101110110000110000010010001000000000
0000101101110000101111010010001000000000
0000101101100000101111100010001000000000
0000101101010000110000000010001000000000
0000101111010000000000001110001000000000
0000101000100000000000001110001000000000
0000110000000000000000001111001000000000
0000010000101001000010000010000000000000
0000110000100000000000001110001000000000
1001000111100000000000000000000000000000
1001001000000000000000000000000000000000
1001001010000000111001110000000000000000
1001001011010000111010000000000000000000
1001000110100010011101110000000000000000
0000000000000000000000000000000000000000
1111111110110000111010010000010000000000
0000010000100000111010010010000000000000
0000110000010000000000001110001000000000
0000101000100000111010100010000000000000
0000110101010000000000001110001000000000
0000110110100000111011010010000000000000
0000110110010000111011110010001000000000
0000110101110000111011010011010000000000
0000110101100000111011110010001000000000
0000110101010000111010110010001000000000
0000110101000000111011000010001000000000
0000110100110000111011100010001000000000
0000110110000000000000001110001000000000
0000110110110000000000001111001000000000
0000111000000000111100100010000000000000
0000110111110000111101000010001000000000
0000110111010000111100100011010000000000
0000110111000000111101000010001000000000
0000110110000000111100000010001000000000
0000110101110000111100010010001000000000
0000110101100000111100110010001000000000
0000110111100000000000001110001000000000
0000110100010000000000001110001000000000
0000111000010000000000001111001000000000
0000101000101001000010000010000000000000
0000111001000000000000001110001000000000
0000111010010000111101110010000000000000
0000111010000000111110010010001000000000
0000111001100000111101110011010000000000
0000111001010000111110010010001000000000
0000111001000000111101010010001000000000
0000111000110000111101100010001000000000
0000111000100000111110000010001000000000
0000111001110000000000001110001000000000
0000111010100000000000001111001000000000
0000111011110000111111000010000000000000
0000111011100000111111100010001000000000
0000111011000000111111000011010000000000
0000111010110000111111100010001000000000
0000111001110000111110100010001000000000
0000111001100000111110110010001000000000
0000111001010000111111010010001000000000
0000111011010000000000001110001000000000
0000110100100000000000001110001000000000
0000111100000000000000001111001000000000
0000111110000001000000100010000000000000
0000111101110001000000110010001000000000
0000111101010001000000100011010000000000
0000111101000001000000110010001000000000
0000111100110000111111110010001000000000
0000111100100001000000000010001000000000
0000111100010001000000010010001000000000
0000111101100000000000001110001000000000
0000111110010000000000001111001000000000
0000011100011001000010000010000000000000
0000111110110000000000001110001000000000
1001000111100000000000000000000000000000
1001001000000000000000000000000000000000
1001001010000001001010010000000000000000
1001001011010001001010100000000000000000
1001000110100010011101110000000000000000
0000000000000000000000000000000000000000
1111111110110001001010110000010000000000
0000011100010001001010110010000000000000
0000111110100000000000001110001000000000
0000110100100001001011000010000000000000
0001000011100000000000001110001000000000
0001000100110001001011110010000000000000
0001000100100001001100010010001000000000
0001000100000001001011110011010000000000
0001000011110001001100010010001000000000
0001000011100001001011010010001000000000
0001000011010001001011100010001000000000
0001000011000001001100000010001000000000
0001000100010000000000001110001000000000
0001000101000000000000001111001000000000
0001000110010001001101000010000000000000
0001000110000001001101100010001000000000
0001000101100001001101000011010000000000
0001000101010001001101100010001000000000
0001000100010001001100100010001000000000
0001000100000001001100110010001000000000
0001000011110001001101010010001000000000
0001000101110000000000001110001000000000
0001000010100000000000001110001000000000
0001000110100000000000001111001000000000
0000110100101001000010000010000000000000
0001000111010000000000001110001000000000
0001001000100001001110010010000000000000
0001001000010001001110110010001000000000
0001000111110001001110010011010000000000
0001000111100001001110110010001000000000
0001000111010001001101110010001000000000
0001000111000001001110000010001000000000
0001000110110001001110100010001000000000
0001001000000000000000001110001000000000
0001001000110000000000001111001000000000
0001001010000001001111100010000000000000
0001001001110001010000000010001000000000
0001001001010001001111100011010000000000
0001001001000001010000000010001000000000
0001001000000001001111000010001000000000
0001000111110001001111010010001000000000
0001000111100001001111110010001000000000
0001001001100000000000001110001000000000
0001000010110000000000001110001000000000
0001001010010000000000001111001000000000
0000111101101001000010000010000000000000
0000100100011001000010000010001000000000
0001010111000000000000001110001000000000
0000101000011001000010000010000000000000
0001001010110000000000001110001000000000
1001000111100000000000000000000000000000
1001001000000000000000000000000000000000
1001001010000001011001100000000000000000
1001001011010001011001110000000000000000
1001000110100010011101110000000000000000
0000000000000000000000000000000000000000
1111111110110001011010000000010000000000
0000101000010001011010000010000000000000
0001001010100000000000001110001000000000
0001000010110001011010010010000000000000
0001001111100000000000001110001000000000
0001010000110001011011000010000000000000
0001010000100001011011100010001000000000
0001010000000001011011000011010000000000
0001001111110001011011100010001000000000
0001001111100001011010100010001000000000
0001001111010001011010110010001000000000
0001001111000001011011010010001000000000
0001010000010000000000001110001000000000
0001010001000000000000001111001000000000
0001010010010001011100010010000000000000
0001010010000001011100110010001000000000
0001010001100001011100010011010000000000
0001010001010001011100110010001000000000
0001010000010001011011110010001000000000
0001010000000001011100000010001000000000
0001001111110001011100100010001000000000
0001010001110000000000001110001000000000
0001001110100000000000001110001000000000
0001010010100000000000001111001000000000
0001000010111001000010000010000000000000
0001010011010000000000001110001000000000
0001010100100001011101100010000000000000
0001010100010001011110000010001000000000
0001010011110001011101100011010000000000
0001010011100001011110000010001000000000
0001010011010001011101000010001000000000
0001010011000001011101010010001000000000
0001010010110001011101110010001000000000
0001010100000000000000001110001000000000
0001010100110000000000001111001000000000
0001010110000001011110110010000000000000
0001010101110001011111010010001000000000
0001010101010001011110110011010000000000
0001010101000001011111010010001000000000
0001010100000001011110010010001000000000
0001010011110001011110100010001000000000
0001010011100001011111000010001000000000
0001010101100000000000001110001000000000
0001001110110000000000001110001000000000
0001010110010000000000001111001000000000
0001011000010001100000010010000000000000
0001011000000001100000100010001000000000
0001010111100001100000010011010000000000
0001010111010001100000100010001000000000
0001010111000001011111100010001000000000
0001010110110001011111110010001000000000
0001010110100001100000000010001000000000
0001010111110000000000001110001000000000
0001011000100000000000001111001000000000
0000110100011001000010000010000000000000
0001011001000000000000001110001000000000
1001000111100000000000000000000000000000
1001001000000000000000000000000000000000
1001001010000001101010000000000000000000
1001001011010001101010010000000000000000
1001000110100010011101110000000000000000
0000000000000000000000000000000000000000
1111111110110001101010100000010000000000
0000110100010001101010100010000000000000
0001011000110000000000001110001000000000
0001010111111001000010000010000000000000
0000110000011001000010000010001000000000
0001100001010000000000001110001000000000
0001000010101001000010000010000000000000
0001011101000000000000001110001000000000
1001000111100000000000000000000000000000
1001001000000000000000000000000000000000
1001001010000001110100000000000000000000
1001001011010001110100010000000000000000
1001000110100010011101110000000000000000
0000000000000000000000000000000000000000
1111111110110001110100100000010000000000
0001000010100001110100100010000000000000
0001011100110000000000001110001000000000
0001100010100001110101100010000000000000
0001100010010001110101110010001000000000
0001100001110001110101100011010000000000
0001100001100001110101110010001000000000
0001100001010001110100110010001000000000
0001100001000001110101000010001000000000
0001100000110001110101010010001000000000
0001100010000000000000001110001000000000
0001100010110000000000001111001000000000
0001001110101001000010000010000000000000
0001100011010000000000001110001000000000
1001000111100000000000000000000000000000
1001001000000000000000000000000000000000
1001001010000001111111010000000000000000
1001001011010001111111100000000000000000
1001000110100010011101110000000000000000
0000000000000000000000000000000000000000
1111111110110001111111110000010000000000
0001001110100001111111110010000000000000
0001100011000000000000001110001000000000
0001100010001001000010000010000000000000
0000111110101001000010000010001000000000
0001100111100000000000001110001000000000
0001101000110010000000110010000000000000
0001101000100010000001000010001000000000
0001101000000010000000110011010000000000
0001100111110010000001000010001000000000
0001100111100010000000000010001000000000
0001100111010010000000010010001000000000
0001100111000010000000100010001000000000
0001101000010000000000001110001000000000
0001101001000000000000001111001000000000
0001101000011001000010000010000000000000
0001001010101001000010000010001000000000
0001101001110000000000001110001000000000
0001101011000010000010000010000000000000
0001101010110010000010010010001000000000
0001101010010010000010000011010000000000
0001101010000010000010010010001000000000
0001101001110010000001010010001000000000
0001101001100010000001100010001000000000
0001101001010010000001110010001000000000
0001101010100000000000001110001000000000
0001101011010000000000001111001000000000
0001101010101001000010000010000000000000
0001011000111001000010000010001000000000
0001101100000000000000001110001000000000
0001101101010010000011010010000000000000
0001101101000010000011100010001000000000
0001101100100010000011010011010000000000
0001101100010010000011100010001000000000
0001101100000010000010100010001000000000
0001101011110010000010110010001000000000
0001101011100010000011000010001000000000
0001101100110000000000001110001000000000
0001101101100000000000001111001000000000
0001101100111001000010000010000000000000
0001011100111001000010000010001000000000
0001101110010000000000001110001000000000
0001101111100010000100100010000000000000
0001101111010010000100110010001000000000
0001101110110010000100100011010000000000
0001101110100010000100110010001000000000
0001101110010010000011110010001000000000
0001101110000010000100000010001000000000
0001101101110010000100010010001000000000
0001101111000000000000001110001000000000
0001101111110000000000001111001000000000
0001101111001001000010000010000000000000
0001100011001001000010000010001000000000
0001110000000000000000001110001000000000
0001110000000010000101000010000000000000
0001110000010000000000001110001000000000
0000000000000000000000000000000000000000
0001110000010010000101010010000000000000
0001110000100000000000001110001000000000
0000000000000000000000000000000000000000
0001110000100010000101100010000000000000
0001110000110000000000001110001000000000
0000000000000000000000000000000000000000
0001110000111001000010000010000000000000
0001001110111001000010000010001000000000
0001110001000000000000001110001000000000
0001110001000010000101110010000000000000
0001110001010000000000001110001000000000
0000000000000000000000000000000000000000
0001110001011001000011000100000000000000
0001110101000000000000001110010000000000
0001110101000000000000001100000000000000
0001110101001011111111110100000000000000
0000000000000000000000000000000000000000
0001110101110000000000001110010000000000
0001110001010000000000001100000000000000
0001110001011011111111110010000000000000
0001110101010000000000001110001000000000
0001110101100000000000001111001000000000
1111111111011001000001110100000000001000
1111111111101001000010000100001000000000
0001110101111001000010000010000000000000
1111111111101001000010000010010000100011
0001110100100000000000001110001000000000
0001110100010000000000001111001000000000
0001110100011001000010100010000000000000
0001110100101001000010100011010000000000
1111111111101001000010001000001000000000
1111111111011001000010100010000000000000
1111111111101001000010000100001000000000
0001110110000000000000001111011000000000
0001110110001001000010000010001000000000
0001110011100000000000001110001000000000
0001110011100000000000001111011000100011
0001110010011001000010000010000000001000
0001110010100000000000001110001000000000
0001110001111001000010000010000000000000
1111111111010010010001100010001001100111
0001110010000000000000001110001000000000
0001110011101001000010000010001001001000
0001110011101001000010000010000000000000
0001110010000000000000001110001000100111
1111111111010010010001010010000000000000
0001110010100000000000001110001000100111
0001110010101001000010000010000000001000
1111111111111001000010000010001001000000
0001110010100000000000001110001000100110
0001110010001001000110100010000000000000
0001110011110000000000001110001000000000
0001110100000000000000001111001000000000
0001110011110000000000001100000000000000
0000000000000000000000000000000000000000
0000000000000000000000000000000000000000
0001110011111001000010000010000000000000
1111111110110010010001110000001000000000
0001110100001001000010000010000000000000
1111111110110010010010000000001000000000
0000000000000010000110011010000100000000
1111111111001001000010000010000000000000
0000000000000010000110001010000100000000
1111111111001001000010000010001001000000
0001110010110000000000001110001000000000
0001110100000000000000001100000000000000
0001110010111011111111110010000000000000
1111111111001001000010000010001000000000
0001110011010000000000001110001000000000
0001110011010000000000001100000000000000
1111111110110010010010010000001000000000
0001110001011011111111110010000000000000
0001110001100000000000001110001000000000
0001110001101001000010000010000000000000
1000010010000000000000001110001000000000
0000000000000000000000000000000000000000
1001000001100000000000000000000000000000
0000000000000000000000000000000000000000
1001000110000000000011100000000000000000
0000000000000000000000000000000000000000
0000000000000000000000000000000000000000
1001000010110000000000000000000000000000
0000000000001001111000110000000000000000
1001000001010000000000001100000000000000
1001000010101011111111110010000000000000
1001000001100000000000001110001000000000
1001000000000000000000001111001000000000
1001000001011001000010000010000000000000
1001000010101001110111010010001001000000
1001000000101001110111010010001000000000
1001000001011001000010000011010000000000
1001000001111001110111010010001001000000
1001000001011001110111011000001000000000
1001000001001001110111110010001000000000
1001000000110000000000001110001000000000
1001000010100000000000001111001000000000
1001000001100000000000001111011000000000
1001000001101001000010000010000000001000
1001000001100000000000001110001000000000
1001000001101001000010000010000000000000
1111111111011001110111000010001001100111
1001000000010000000000001110001000000000
1001000001011001000010000010001001001000
1001000010011001000010000010000000000000
1001000000110000000000001110001000100111
1111111111011001111000000010000000000000
1001000001010000000000001110001000100111
1001000001011001000010000010000000001000
1111111111111001000010000010001001000000
1001000001110000000000001110001000100110
1001000001101001000110100010000000000000
1001000001010000000000001110001000000000
1001000001100000000000001100000000000000
1001000001100000000000001111001000000000
0000000000000000000000000000000000000000
0000000000001001110111001010000100000000
1111111111001001000010000010000000000000
0000000000001001110111011010000100000000
1111111111001001000010000010001001000000
1001000001000000000000001110001000000000
1001000001100000000000001100000000000000
1001000001011011111111110010000000000000
1111111111001001000010000100001000000000
1001000111110000000000000000000000000000
1001001000010000000000000000000000000000
1001000110110000000000000000000000000000
0000000000000000000000000000000000000000
